time,x,y,z,phi,theta,psi,x_velocity,y_velocity,z_velocity,phi_velocity,theta_velocity,psi_velocity,rotor_speed1,rotor_speed2,rotor_speed3,rotor_speed4
0.06,-1.84340114374e-06,1.51205650688e-06,10.0034581036,0.000988921302307,0.0011517460207,0.0,-0.000137206987874,0.000114272564672,0.115264653636,0.0376394762808,0.0425200398879,0.0,440.04879269483513,443.5539812595211,440.0737453164714,443.17779546067084
0.12000000000000001,-4.72881432828e-05,4.05577385697e-05,10.0156378354,0.00292344368909,0.00368286070439,0.0,-0.00166520207257,0.00142800528397,0.290696414939,0.018348274087,0.0415072977695,0.0,459.9077283478364,459.82842225552685,461.3733302382875,459.84831327878885
0.18,-0.000240661568749,0.000196447044012,10.0378723574,0.00402299424849,0.00652352588479,0.0,-0.00507807845439,0.00389010576323,0.450402533244,0.01828094526,0.0570120268047,0.0,454.9478590613702,456.18865441248687,455.56511549252787,455.5596641466485
0.23999999999999996,-0.000719314304946,0.00053287101839,10.0715194053,0.0054363259057,0.0101125437005,0.0,-0.0112970402155,0.0074760229261,0.671058005477,0.0324343467182,0.064905343951,0.0,473.7168752046977,474.3256207598333,473.2200416987237,474.30812095323364
0.3,-0.00165251871247,0.00111823617789,10.1177058644,0.00749365042355,0.0137428037663,0.0,-0.0202485668042,0.0122686552326,0.868354805403,0.0377603993173,0.0498070800001,0.0,467.68837654309317,466.51346683959133,467.21149708303005,467.62692951669743
0.36000000000000004,-0.00315789860538,0.00201529865962,10.1724520406,0.010032377436,0.0169203176618,0.0,-0.0302394758923,0.0178748996314,0.956440993584,0.0501367674593,0.0586130896206,0.0,432.1566564104026,432.9000960909241,434.77924865822604,435.81579911654666
0.4200000000000001,-0.00534481758282,0.00331198808639,10.2333606379,0.0128513487778,0.0207272293189,0.0,-0.0430404460941,0.0256524778498,1.07373169024,0.0397841249271,0.0716902161272,0.0,442.05943139212627,443.1384809170182,444.50178774102517,443.65399592951894
0.48000000000000015,-0.00838138953121,0.00513147367602,10.3012214139,0.0149995949057,0.0249994881878,0.0,-0.0586227383911,0.0352330933294,1.18816815794,0.0263398049485,0.0702149075603,0.0,442.83290556220277,442.715461131954,443.17916344833986,442.0734265617255
0.5400000000000001,-0.0123454686624,0.00751022450624,10.3721715869,0.0163256668831,0.0293080676374,0.0,-0.0738782354598,0.0441843371889,1.1768371049,0.0118834602876,0.0748206809403,0.0,401.8137093644533,402.2355520912039,401.7867152438415,400.4741428292635
0.6000000000000002,-0.0174457897729,0.0105256541325,10.4472650488,0.0170032247281,0.0337246709376,0.0,-0.0966146198776,0.0564029748665,1.32609930259,0.0100839960843,0.0710731767135,0.0,454.1384678618844,453.84190317591356,453.65474512485287,453.5101211334148
0.6600000000000003,-0.0239226492545,0.0142466278199,10.5288563435,0.01747936503,0.0381429255883,0.0,-0.119700560136,0.0676806020198,1.39351313775,0.00324969970398,0.0783253606058,0.0,427.8633829181982,428.48473336734094,428.869128577735,428.28819863483096
0.7200000000000003,-0.0319339722918,0.0186792523211,10.6160433746,0.0174656141031,0.0429864751326,0.0,-0.147838643387,0.0800810037265,1.51254866659,-0.00829894982783,0.0851372321744,0.0,444.89420872348586,445.45677134066926,445.3775472419666,444.4320959633481
0.7800000000000004,-0.0417065507755,0.0238397533099,10.7096143462,0.0169561825061,0.0491958491037,0.0,-0.178495062557,0.0918818160234,1.60632788695,-0.00887646557477,0.126153310059,0.0,436.4600767959533,439.8783050215425,436.7645123589036,436.71646607013713
0.8400000000000004,-0.0536924775515,0.0297771223581,10.8135246684,0.0160544329712,0.0568367653976,0.0,-0.221962694768,0.105939251841,1.85692383403,-0.0316592857569,0.129635727572,0.0,485.4665679923974,485.7410602062887,485.545737149615,483.8337189365637
0.9000000000000005,-0.0682032552013,0.0364541312615,10.927716205,0.0141596928562,0.064736707414,0.0,-0.262512542438,0.11643273604,1.94925750172,-0.0314189461383,0.135440648509,0.0,437.6114765987923,438.110561011514,438.7005151754982,438.7201002157379
0.9600000000000005,-0.0854053358163,0.0437415804105,11.0488702711,0.0121920082865,0.0732552455693,0.0,-0.311774901274,0.126269869627,2.08889992887,-0.0356983824188,0.152583352509,0.0,451.90676948601424,453.3045454446102,454.62946835088337,454.28608274677583
1.0200000000000005,-0.105521484392,0.0515388811128,11.1753043667,0.0103279048848,0.0821504069461,0.0,-0.359596733702,0.133453780187,2.12543100983,-0.0231270087997,0.13777644554,0.0,422.39928287052214,421.1422644928547,420.33241098613036,421.41999039484267
1.0800000000000005,-0.129048390045,0.0597799702686,11.3084131627,0.00920391544767,0.0905920454369,0.0,-0.425563090476,0.141101626958,2.31107668627,-0.0111428785272,0.145964073962,0.0,468.99147895341264,469.64415533359085,467.1297457592937,468.06334298216905
1.1400000000000006,-0.156820928362,0.0684651186602,11.4536078268,0.00854117912867,0.0991975775415,0.0,-0.501183560934,0.148318383134,2.52817348541,-0.0108517653288,0.137799360083,0.0,478.2622220629249,477.6575595766722,479.4133420803978,479.43559417343226
1.2000000000000006,-0.188870174513,0.0775280796123,11.6071865371,0.0077465434645,0.107117148739,0.0,-0.567896726361,0.153708682611,2.59087583758,-0.018517845398,0.116677044009,0.0,433.97567815212557,432.21535947741927,432.12193931014417,431.4753388380105
1.2600000000000007,-0.225136610235,0.0869017584103,11.7650918568,0.00613958791844,0.114281094568,0.0,-0.641670152106,0.158619957257,2.6723460763,-0.0535141044871,0.124347885553,0.0,438.34510230953566,438.99508141458574,440.7906001100627,437.88859748113305
1.3200000000000007,-0.265652525047,0.0965143105069,11.9250827668,0.00318577675779,0.121786551027,0.0,-0.709506949029,0.161534963136,2.6606133323,-0.0418072139002,0.126535665815,0.0,409.28528681428145,409.49564506849924,407.7114226852577,408.75425076176356
1.3800000000000008,-0.310600494877,0.106257496013,12.0862050336,0.000606913522134,0.130141785829,0.0,-0.789509060947,0.162996522755,2.70988575333,-0.0454378717547,0.156955914765,0.0,428.4756079813163,431.07202263980855,429.2424073712619,428.9330921163134
1.4400000000000008,-0.360530706605,0.116038157169,12.2503733335,6.28102498795,0.139899736153,0.0,-0.875730370371,0.162764377962,2.76210312091,-0.0475216323887,0.172068726882,0.0,429.9741734895,431.27849305672527,431.39718449523866,431.2198716173908
1.5000000000000009,-0.416253091642,0.125743139233,12.4206365528,6.27784667601,0.149971930744,0.0,-0.982750178093,0.16040972078,2.91274599819,-0.0670430036561,0.157785487491,0.0,463.22907074625994,462.130132457705,463.36747930066673,461.82845632965143
1.560000000000001,-0.478623469314,0.135231528364,12.5999331545,6.27388254679,0.1589594314,0.0,-1.09722571892,0.155436276206,3.06318881526,-0.0641892586271,0.124719445278,0.0,464.2853892514364,461.70316842905237,464.5168194901922,464.7375189963948
1.620000000000001,-0.548747818219,0.144291485788,12.7924992152,6.26984603113,0.166624388412,0.0,-1.24111134118,0.146060022715,3.35461079767,-0.0742949354231,0.133203305096,0.0,506.1299813831522,506.7528731317822,506.1703147568078,505.4397046563221
1.680000000000001,-0.626463211689,0.152784117959,12.9951457197,6.26545718847,0.174817045592,0.0,-1.35014631013,0.136616950762,3.39992514269,-0.0709469243679,0.142499170627,0.0,434.07318361039216,434.87025334513527,433.87025762941875,434.1469729835147
1.740000000000001,-0.711097681266,0.160605567867,13.2016846935,6.26075870096,0.183994842664,0.0,-1.47185153915,0.123668210583,3.48418927601,-0.100101701972,0.168315771977,0.0,446.69903121647747,448.8207626985767,448.54169416885503,446.16231075644913
1.8000000000000012,-0.803519599806,0.167513479622,13.4147850153,6.25516053532,0.194194296608,0.0,-1.60988883089,0.10599462956,3.61839500789,-0.082342062095,0.173142443812,0.0,463.85773114795285,464.26296339032245,463.8003342712555,465.18603270789225
1.8600000000000012,-0.904740931584,0.173202152178,13.6373485398,6.25004234699,0.204144627775,0.0,-1.76520371499,0.0830840028903,3.79939975934,-0.0919979879482,0.144348862559,0.0,481.06899442847117,478.9070925417806,480.3611442053616,479.622879212256
1.9200000000000013,-1.01525321456,0.177439042419,13.8694948848,6.24457597995,0.212714538832,0.0,-1.9193705846,0.0575827371898,3.93796611933,-0.0893807103568,0.139614779197,0.0,469.4509939169569,469.1013164510619,469.0650313578855,469.26176446101636
1.9800000000000013,-1.1345504483,0.180149073213,14.1068872977,6.23976913821,0.221014353279,0.0,-2.05795579455,0.0323032568021,3.97464425793,-0.0661051360635,0.135632006507,0.0,439.89849987492664,439.5865013914885,437.0836469160925,439.01381424525476
2.0400000000000014,-1.26339895336,0.181049047466,14.3511784936,6.23607001601,0.229016446503,0.0,-2.23777005779,-0.00269542254866,4.16725759279,-0.05397556312,0.128411413084,0.0,489.45012325131967,488.92697444966893,486.7127412608807,487.6173631855071
2.1000000000000014,-1.40272244863,0.179871732845,14.6048043204,6.23324592237,0.237513829266,0.0,-2.40709964581,-0.0368202550014,4.28605303094,-0.0359616929958,0.159807903401,0.0,467.1069257749769,469.56604998456874,467.57091738961674,468.97105814189126
2.1600000000000015,-1.55171820522,0.176734419361,14.8627053777,6.23082469698,0.247283539059,0.0,-2.56028279544,-0.0679346121793,4.3101068319,-0.0510263438257,0.168265877858,0.0,438.8774282396959,439.60448388865655,441.73251440677456,440.4874073011043
2.2200000000000015,-1.71042454037,0.171618304013,15.123285169,6.22847405117,0.257204392983,0.0,-2.730828155,-0.102816016597,4.37510802223,-0.0223416364695,0.15876790178,0.0,456.1895124711831,455.4556723603592,452.29390836516967,454.5975865220794
2.2800000000000016,-1.87934311528,0.16441846312,15.3868579786,6.22683675444,0.267194332245,0.0,-2.90065477644,-0.137276198934,4.40998679026,-0.0396868979801,0.178649014962,0.0,445.5195948028085,447.1683641548486,447.61582758448077,446.2016253458823
2.3400000000000016,-2.05938249044,0.154970519397,15.6550982579,6.2243485494,0.277857047701,0.0,-3.10162459895,-0.177844063745,4.5301940034,-0.0452977868076,0.17577160052,0.0,475.53486021753866,475.3425705624971,474.8952979414253,474.4638643709508
2.4000000000000017,-2.25067964071,0.143253532593,15.9268612792,6.22176172216,0.288543689803,0.0,-3.27586177135,-0.212916293371,4.52797001762,-0.0390701950156,0.182414540913,0.0,437.6434589314662,438.2271787844648,438.6803912009033,439.196226685028
2.4600000000000017,-2.45397165263,0.129116022357,16.2028845954,6.21974637333,0.299305717255,0.0,-3.50149748802,-0.258480988644,4.67139587509,-0.0244180909086,0.172455760208,0.0,486.2351101903451,485.516364874885,485.4892295867083,486.5871099185169
2.520000000000002,-2.67076275618,0.112268306984,16.4864972571,6.21835332359,0.309731132249,0.0,-3.72575895049,-0.303175035662,4.78107085702,-0.0209186121056,0.176236457578,0.0,478.4531129278552,478.7675580618171,478.3991503321931,478.66557056526216
2.580000000000002,-2.90122312684,0.0927209948668,16.7765325456,6.21739428177,0.319989279897,0.0,-3.95712568635,-0.348427560759,4.88543743363,-0.00759468597936,0.157538777646,0.0,480.4197851049232,479.02518101052027,479.06931731334276,480.08161434006433
2.640000000000002,-3.1443016761,0.0707416058344,17.0682753885,6.21685980987,0.32942174703,0.0,-4.14630462644,-0.38422610668,4.83882423866,-0.0116728527591,0.156538334958,0.0,432.2614508845476,432.20129635468805,434.9717460643102,434.6301327158383
2.700000000000002,-3.40136304522,0.0461348068982,17.3642809475,6.21601567442,0.338818186108,0.0,-4.42311273175,-0.435963794861,5.02613240002,-0.0193524092766,0.156744751718,0.0,508.74909078735027,508.7836927915466,508.48598838265207,507.9355925777604
2.760000000000002,-3.67326168346,0.018792738447,17.665753179,6.21593738836,0.348848559923,0.0,-4.64098296395,-0.475423817748,5.02207684066,0.0211325480795,0.182484417062,0.0,452.909801864705,455.0011924882359,450.54203693849547,453.8041934500606
2.820000000000002,-3.95812420909,-0.0108480252251,17.9660401889,6.21806811934,0.359963628343,0.0,-4.8553441681,-0.512405472952,4.9867193316,0.0548136213365,0.190271215169,0.0,444.5394046761681,445.2103282971657,443.01495050025017,445.7768738529048
2.880000000000002,-4.25730580708,-0.0428738291977,18.2673965126,6.22118344689,0.371373817179,0.0,-5.11825551817,-0.554714792447,5.05698795202,0.0454034822309,0.189966562866,0.0,481.0351590481268,481.0442612280613,480.7961102807958,480.0839957318748
2.940000000000002,-4.57169549585,-0.0772436609077,18.5707692142,6.22397516874,0.382910795086,0.0,-5.36230356918,-0.590642183922,5.054308955,0.0486885030416,0.196547735792,0.0,459.72419094793383,460.2800794654719,461.04458064871244,461.3053097440291
3.000000000000002,-4.8997916109,-0.113544618021,18.8709891727,6.22664259691,0.395115307639,0.0,-5.57522512307,-0.619158849243,4.95244986975,0.0342632085218,0.21444147086,0.0,428.5567245887808,430.1171425210817,430.00491488459244,428.78201754679475
3.0600000000000023,-5.24222221798,-0.151694612771,19.1681958421,6.22922014446,0.408142030675,0.0,-5.84010639557,-0.652230586738,4.9530591375,0.0563000710937,0.221971468752,0.0,465.3457797707067,465.97913265851395,465.0055594241667,466.72993056520363
3.1200000000000023,-5.6004699646,-0.191731879205,19.4645232106,6.23228773721,0.422433018361,0.0,-6.10252565191,-0.68201332091,4.92320747111,0.0379899564736,0.259081041469,0.0,457.9281108970571,460.9240486866991,458.912706628227,457.4581720866501
3.1800000000000024,-5.97357468047,-0.233372034598,19.7563422061,6.23455433066,0.437602442781,0.0,-6.33545713533,-0.705798093788,4.80323800158,0.0373464136948,0.235842027553,0.0,431.79348263591874,429.89370771109037,430.61049747782425,430.5567680145998
3.2400000000000024,-6.35927948852,-0.276236389027,20.0373879484,6.23660645296,0.451645219561,0.0,-6.52255114702,-0.722907422239,4.56491715886,0.0270274371564,0.230196742924,0.0,388.5415478062907,388.0749976315297,387.8758346890249,386.9058594968972
3.3000000000000025,-6.75695609644,-0.320155716515,20.3051602042,6.23848725142,0.465279787858,0.0,-6.73447377621,-0.740960696379,4.36046954561,0.0388239203948,0.220576046173,0.0,401.7885717654892,400.9724175232982,401.09344715101236,402.16414935418265
3.3600000000000025,-7.17067688191,-0.365404720918,20.5667205842,6.24107791238,0.478980493156,0.0,-7.05712245818,-0.767051574927,4.35634721218,0.0507063565842,0.240537111058,0.0,473.8078347932556,475.3879979060522,474.14014974380717,475.0532723196318
3.4200000000000026,-7.60320473747,-0.412098620335,20.8262381633,6.24391144028,0.49342747844,0.0,-7.36146176319,-0.789124592216,4.29262379319,0.0391540316739,0.24126956849,0.0,458.8098655715909,458.92394906931065,458.9846942500046,458.06793892228296
3.4800000000000026,-8.05496703598,-0.460118317972,21.0830325227,6.24655049131,0.508231498977,0.0,-7.69819263655,-0.811253342751,4.26514760223,0.0522194223054,0.2558659956,0.0,474.8102050291964,475.98528035938887,474.0024071215794,475.0066133260476
3.5400000000000027,-8.5244145744,-0.509231708264,21.3329387121,6.24934483751,0.523770026123,0.0,-7.95121111836,-0.825665104559,4.06417997042,0.0318123621207,0.264552683374,0.0,416.8041508490715,417.6349736598442,418.04713845110405,416.26594176652685
3.6000000000000028,-9.00971982968,-0.559200824449,21.5713625327,6.25129725145,0.539560062919,0.0,-8.22674258358,-0.839824133368,3.88209460146,0.0339573462651,0.260248574765,0.0,426.15254277560445,425.85741067283817,427.7482916266285,427.9314198720915
3.660000000000003,-9.51110312056,-0.609953579386,21.797493612,6.25369001204,0.554837560281,0.0,-8.48718716024,-0.851793484057,3.65467122695,0.0496646133658,0.239985467217,0.0,413.40277041492607,411.6829435822248,411.4546306677082,412.8442794835734
3.720000000000003,-10.0313379304,-0.661532037421,22.0145888586,6.25650628964,0.569209143708,0.0,-8.85476402829,-0.867212208537,3.57960659591,0.0408371697522,0.238593995024,0.0,471.72627225573825,471.6724372357362,472.63138125523585,471.95150868148505
3.780000000000003,-10.5727078262,-0.713939235884,22.2250516733,6.25903933291,0.583919116641,0.0,-9.19179081892,-0.879491032046,3.43398375972,0.044843326812,0.255815259281,0.0,451.4853772292411,452.9316748803945,451.44687919885075,451.77104995311777
3.840000000000003,-11.132502075,-0.766970934798,22.4234209785,6.26182395893,0.598884854767,0.0,-9.46914635626,-0.888079407253,3.17721545754,0.049372704331,0.231939908341,0.0,414.92877823410157,412.89337237199527,412.6862378662477,413.0874396725647
3.900000000000003,-11.711155013,-0.820546820814,22.6090588834,6.26491588128,0.612346119622,0.0,-9.82012179777,-0.897563168946,3.00879547639,0.0555329700711,0.201500205381,0.0,452.6624011088004,450.2534675078834,450.9657152207126,451.4648529007765
3.960000000000003,-12.3081677966,-0.874574843532,22.7801496464,6.26811848637,0.624406851518,0.0,-10.0815423738,-0.903233024443,2.6935041606,0.0486740528967,0.200019601229,0.0,397.01677431032,396.9257399649915,396.7177911455075,396.0894857902173
4.020000000000002,-12.9227689443,-0.928949442519,22.9344501932,6.27131875971,0.636483704749,0.0,-10.4061467616,-0.909082577555,2.44837415555,0.0613279942693,0.203687195246,0.0,427.75232826339993,428.1060398209733,428.6029328103193,429.6793762786707
4.080000000000001,-13.5632782534,-0.983732432691,23.082129546,6.27469966631,0.649031332364,0.0,-10.9441460471,-0.916658686165,2.47028183801,0.0438474702953,0.218228014264,0.0,530.082479331711,531.1160700144068,530.4877114455255,529.2872529295856
4.14,-14.2303998255,-1.03884623726,23.2228797853,6.27722303678,0.662350407392,0.0,-11.2941353002,-0.920328812491,2.21949202029,0.0382097799753,0.228589944498,0.0,439.85296493648184,440.75974194266337,440.89999253906126,440.4347524070265
4.199999999999998,-14.9175507553,-1.09414521528,23.3467196872,6.28024586599,0.676725948962,0.0,-11.6119702202,-0.922854362768,1.90689292677,0.0675443130404,0.255518026683,0.0,419.215362329998,421.60944363981804,418.8428149774228,421.3889893060865
4.259999999999997,-15.6242573411,-1.1495689719,23.4517955756,0.00122789855972,0.692072238925,0.0,-11.9459169915,-0.924436944495,1.59371201664,0.073026018125,0.256272596346,0.0,424.7563951190349,424.89016637635297,424.9655425629376,425.439240492574
4.319999999999996,-16.3537968981,-1.20504732618,23.5407949803,0.00618826519055,0.707799611791,0.0,-12.3726049005,-0.924597695199,1.36987050192,0.0971189673371,0.27179294328,0.0,466.4905112736516,467.7664364950169,466.74327671186495,468.6254974060984
4.379999999999995,-17.1083858884,-1.26048868382,23.6149683833,0.0119778283518,0.724218805499,0.0,-12.7809604978,-0.923199273727,1.09960793984,0.0952108585352,0.277128235136,0.0,457.3672019777836,457.86535138061447,456.9332823347803,456.7887485857619
4.439999999999993,-17.8878665309,-1.31579468614,23.6726224488,0.0175934603363,0.740612347403,0.0,-13.2022255232,-0.920119392402,0.819004872715,0.0901488454982,0.264006189123,0.0,461.96033703717563,460.9963041321441,461.5409526129341,461.1481513807448
4.499999999999992,-18.691723591,-1.37089593609,23.7117066729,0.0230521232975,0.756101922154,0.0,-13.5936865551,-0.916439809268,0.480969111849,0.0925848393902,0.242722669694,0.0,447.02279396467253,445.3505380331879,446.15870690407564,446.36453542617465
4.559999999999991,-19.5176478602,-1.42578748542,23.7282898671,0.0287373212917,0.770822796798,0.0,-13.9381496404,-0.91318354598,0.0695202560354,0.098768463579,0.250130698862,0.0,421.84328082912657,422.54639850943505,421.1766181488699,421.71948045667875
4.6199999999999894,-20.3658259777,-1.48042379404,23.7211232693,0.0345590993303,0.785747813958,0.0,-14.3351530953,-0.907930878073,-0.311382023428,0.0933061482867,0.245842289543,0.0,442.8333901507612,442.54261051452005,443.88276861386447,443.4421320330178
4.679999999999988,-21.2403507307,-1.53464451015,23.6928613593,0.0400782768579,0.80019715833,0.0,-14.8158402995,-0.899343204059,-0.634628151564,0.0892086421231,0.228218270221,0.0,477.82449405952315,476.53174381581766,477.6321400011804,477.3258801435576
4.739999999999987,-22.1417151846,-1.58841754632,23.642437966,0.0455216503303,0.813398750342,0.0,-15.2303349082,-0.893077607455,-1.04937786077,0.0935893760366,0.193831489313,0.0,450.1794069243702,447.43313893302746,448.4513515146161,448.8140171637588
4.799999999999986,-23.0655535484,-1.64192531394,23.5640825256,0.0509175232343,0.824777419318,0.0,-15.5657826216,-0.890553631177,-1.56479480641,0.0813780367357,0.179597182294,0.0,410.88368020491043,409.6572124890368,411.52034941330845,410.44483921714493
4.859999999999984,-24.0107456638,-1.69524861618,23.4551614993,0.0563143862199,0.835144224127,0.0,-15.9420030494,-0.886958506973,-2.06868431045,0.103132946547,0.153491707399,0.0,425.48693243443955,423.27457180932004,423.7878231075692,425.6615949747761
4.919999999999983,-24.9796200966,-1.74832927882,23.3161723838,0.0628293849304,0.84433263322,0.0,-16.3551818978,-0.8824804613,-2.56741541475,0.117705834167,0.15242852353,0.0,436.6207042045334,436.55453334701343,435.7239925581614,436.95170638723835
4.979999999999982,-25.9713145062,-1.80128917732,23.1446181552,0.070305997447,0.853429402207,0.0,-16.7033523663,-0.883003193328,-3.15369816241,0.135706542423,0.149931551342,0.0,403.59411667362485,403.3927625435283,401.5099402467926,403.1562966633461
5.0399999999999805,-26.9888508592,-1.85403320801,22.9412619478,0.0787174323362,0.862250223559,0.0,-17.2154481186,-0.87528999998,-3.62916374625,0.147908556113,0.140433938303,0.0,468.2948230618433,467.5741195625817,466.438236108665,467.4077396492976
