episod,total_reward
1,6.72201855464
2,9.7051904502
3,7.23107274691
4,-1.04431855509
5,2.09600481884
6,5.61451694183
7,1.99177280447
8,13.7218864779
9,17.1506452392
10,15.8036233916
11,15.1737994943
12,15.0901085684
13,16.5206895711
14,16.5923166815
15,5.42705769475
16,4.22916188572
17,5.8192628074
18,8.39598406084
19,11.7123381814
20,13.9203507918
21,15.7859516115
22,15.3714223504
23,12.9830045567
24,10.6364041329
25,11.3288295545
26,12.7625084805
27,12.7558854707
28,14.4413270176
29,14.684974165
30,13.7593262233
31,13.7369594576
32,9.68841443607
33,12.2799885024
34,13.785152351
35,15.4367488154
36,14.9379350941
37,15.2028242852
38,14.2924760726
39,13.916502546
40,13.4217239674
41,14.5857201685
42,13.4637820151
43,17.9953732779
44,16.7053673165
45,17.1907476017
46,16.8463744923
47,16.856604725
48,13.2610237167
49,15.5335000703
50,17.2168328255
51,13.6944045703
52,11.5748301066
53,14.1630832774
54,13.9960353132
55,13.6157816614
56,13.6772524836
57,13.5938515061
58,13.3624304983
59,13.8804634374
60,13.5485448035
61,13.8130728436
62,14.1282005911
63,13.9905410162
64,13.4338782762
65,13.3585945407
66,13.6743365653
67,13.7053868519
68,14.106952701
69,13.4401642023
70,13.8530532491
71,13.5531519312
72,13.8872087916
73,13.4759031091
74,13.9599846585
75,13.7127396187
76,13.4013562332
77,14.1740992869
78,13.5795742933
79,13.4270722339
80,13.571795822
81,13.8613759587
82,13.599151308
83,13.1458596445
84,13.4428230459
85,7.90027464594
86,1.63730482769
87,8.48778837267
88,8.98304929272
89,-5.75325919029
90,7.81023507005
91,-14.9812315387
92,-21.0150836286
93,-17.6742757028
94,-13.9163693374
95,-19.3588678901
96,-20.9650776357
97,-56.5166137611
98,-145.109527975
99,-138.111884916
100,-139.577557224
101,-133.46519652
102,-141.511050789
103,-139.650315004
104,-137.121486093
105,-136.826046584
106,-140.12700013
107,-138.901877674
108,-140.561178494
109,-132.504321719
110,-131.673583617
111,-132.432107915
112,-134.108448579
113,-139.158373953
114,-135.329551589
115,-135.341334359
116,-134.770994147
117,-135.299383665
118,-22.4885754772
119,-24.4175415774
120,-41.3479905712
121,-35.2266824782
122,-29.7399747412
123,-2.40865996204
124,-14.0755555307
125,5.79704532957
126,-105.988753264
127,-55.2973159237
128,-37.1731967576
129,17.6206457161
130,-149.027030807
131,-3.67138905921
132,-16.8745217376
133,-5.78938932917
134,6.06731713843
135,8.93964535127
136,-147.89659603
137,9.81826547558
138,-3.45207018865
139,-31.5025745036
140,-30.0154697184
141,-11.0771259096
142,-46.3957250038
143,-108.628858696
144,-116.27086664
145,-111.130274182
146,-68.7231576482
147,-48.6185000572
148,-73.3751503267
149,-164.417986502
150,-31.2773755854
151,-1.3556166808
152,-130.861472203
153,-69.1891768257
154,-160.395933994
155,-26.2407175624
156,-1.58612700104
157,-169.498319357
158,-54.5501291145
159,-162.834463536
160,-48.8092529891
161,-139.533151988
162,-55.5976475074
163,-3.24521372098
164,-10.0182533285
165,11.3293076289
166,-7.57352304149
167,-9.79031838148
168,8.36730685285
169,8.32540713296
170,4.90378997473
171,-18.8529027277
172,-62.8763773059
173,-22.6598415391
174,-27.6572244347
175,-16.8119851457
176,-9.51222805746
177,-38.3459863276
178,10.2787371192
179,24.8537096213
180,15.3231436776
181,19.8320398833
182,6.89916740006
183,15.8003049649
184,-125.36877857
185,-6.1435179158
186,0.835021301146
187,7.45814477885
188,-14.8132646163
189,11.2538544974
190,-0.887530961526
191,-42.694523855
192,25.2150529008
193,-18.1354973468
194,-20.2951882613
195,-10.6974462015
196,-38.6243803358
197,-6.26859458044
198,-11.3707851965
199,-13.2310197411
200,14.0842388434
201,-1.25862180659
202,1.04092976589
203,4.0539646576
204,-11.6263726502
205,-12.9180789226
206,-6.68725977432
207,2.14853876262
208,-171.20934146
209,2.19122420147
210,-1.78117195307
211,-4.97451001782
212,-139.356778877
213,-31.0375626396
214,-14.733558066
215,-31.1407760195
216,-154.062405888
217,-145.812705881
218,-153.421817823
219,-153.449704376
220,-15.457434119
221,-152.475577198
222,-155.085594447
223,-153.212688546
224,7.03616539409
225,13.6472815502
226,13.7087749964
227,13.4092987353
228,13.5269587183
229,13.0954711646
230,13.0500619618
231,13.2105552692
232,13.6680962968
233,13.278065852
234,13.5048301424
235,13.6259436556
236,13.3905005463
237,13.4131638078
238,13.7592932447
239,13.8405451822
240,13.5293848135
241,13.4082903584
242,14.1433182126
243,13.6405516576
244,13.8931269845
245,13.3856317414
246,13.2998206357
247,14.1622538402
248,14.1514259034
249,13.7508052707
250,13.3935538238
251,13.4102563457
252,13.400986488
253,13.458829875
254,13.3216545119
255,13.1877157674
256,13.2584421103
257,13.7600943273
258,13.1836571256
259,13.0303977272
260,13.6306629559
261,13.8582495724
262,13.65323995
263,13.777532838
264,13.3743504351
265,13.6196878962
266,13.3349570164
267,12.901894091
268,12.9086903511
269,13.7077926147
270,13.2295692115
271,12.980000701
272,13.6161440264
273,13.2953441536
274,13.8366456973
275,13.4312607783
276,13.3510242839
277,13.3315876819
278,13.3597646765
279,13.7920644718
280,13.0269608981
281,13.1677288606
282,13.6195891446
283,12.9693746441
284,13.6251138853
285,13.9597118168
286,13.3901034073
287,13.7086117119
288,13.4178639557
289,13.3071651412
290,13.1271732725
291,13.880734741
292,13.4449465276
293,13.7759499793
294,13.580876807
295,14.2960478765
296,13.9980582749
297,13.6111711977
298,13.8971950296
299,13.5792463532
300,13.96357887
301,13.5758160414
302,13.0574406518
303,13.0241746124
304,14.276517441
305,13.2543546993
306,13.4700395607
307,13.2813647916
308,13.9636183991
309,13.1276310248
310,13.1658939564
311,13.2470856937
312,13.8526897655
313,13.0904409378
314,13.9420742254
315,13.6348763741
316,13.6066294643
317,13.1089529504
318,13.3186777419
319,13.6522856862
320,13.740232317
321,13.7112491423
322,14.2543907891
323,13.2259135424
324,13.8120954228
325,13.3482998143
326,13.8477879705
327,12.7664423347
328,13.9278953029
329,13.2844113511
330,13.705775632
331,13.2766642959
332,13.785207697
333,13.2307995767
334,13.2914010539
335,13.4923731225
336,13.6221512703
337,13.809222843
338,13.605401237
339,13.3336490401
340,13.6672178711
341,13.4367480025
342,13.4413729596
343,13.4054005957
344,13.3142337248
345,13.6118731349
346,13.3052569624
347,13.3432715727
348,13.5406488272
349,13.4899424175
350,13.5592424597
351,13.7964794872
352,13.1373452702
353,13.5263899807
354,12.7899183641
355,13.3275973179
356,13.8667061371
357,13.755554963
358,13.441866851
359,14.0789603658
360,14.0122003171
361,13.827815989
362,13.506443899
363,12.9246093079
364,13.4452389669
365,13.4265102859
366,13.4859456105
367,13.4647236406
368,13.8480027265
369,13.4452539822
370,13.335892284
371,13.6476389358
372,13.3867535782
373,13.4376946229
374,13.6931482455
375,13.5496762008
376,14.0754486775
377,13.6082206555
378,13.3629167202
379,13.7589215499
380,13.8761581914
381,14.3491770059
382,13.7847255959
383,13.0645269759
384,12.3685242069
385,-36.5783309276
386,-21.1421839914
387,-18.0582258228
388,6.19855711352
389,12.1285018739
390,18.8661045255
391,16.0493772035
392,18.8725587399
393,22.1554795228
394,21.7522956963
395,23.1297223064
396,17.6781118055
397,21.9456984329
398,23.8757354135
399,21.8309557937
400,25.5082690358
401,21.5295227182
402,4.60432213057
403,15.3059467902
404,18.4303015003
405,16.6219586751
406,16.3955087968
407,17.2081679287
408,15.0777414691
409,18.7384377067
410,17.359560323
411,16.1149730455
412,18.6024672693
413,19.6772808192
414,17.488671867
415,17.4056770072
416,18.6979096188
417,16.6185607851
418,1.44241385472
419,-20.5322662397
420,9.57496149417
421,-22.9453178475
422,10.7412600058
423,10.2070182607
424,11.8615500505
425,12.3877535272
426,7.94967978202
427,9.00480556415
428,17.6769352662
429,16.0802093705
430,17.6118826319
431,19.4951046878
432,13.1960071009
433,5.68638048249
434,8.9271355686
435,12.8001788409
436,12.1397780902
437,20.6576188386
438,17.1647633372
439,21.6085987063
440,20.3959895027
441,21.1082440006
442,21.0112538482
443,21.0450448716
444,21.6944272628
445,21.8075633784
446,21.365348132
447,21.2035191785
448,21.436045462
449,23.8153500128
450,20.7588053442
451,20.7888519177
452,21.5325293944
453,20.8152399653
454,20.686994752
455,22.0685477451
456,20.6158696753
457,23.805641809
458,23.8059445128
459,23.8079782449
460,23.7945596993
461,23.8029068604
462,23.7849210685
463,23.7819745029
464,23.7951216198
465,23.7899678326
466,23.793983506
467,23.8001238185
468,23.7524267599
469,23.7830299349
470,21.0911024228
471,20.6442403822
472,23.7626191465
473,21.464514631
474,21.8065446446
475,19.3384689356
476,22.8147891288
477,24.2888069263
478,24.7585455486
479,24.0933900963
480,24.7086658855
481,24.2648534774
482,22.3840982214
483,22.3740874357
484,17.5853116652
485,18.61558494
486,17.7997338641
487,19.8400135251
488,23.3504810635
489,19.5691042885
490,22.805912364
491,18.7420427026
492,22.1034761344
493,21.0847072409
494,20.7212551826
495,23.796659225
496,23.7623634726
497,20.7312633696
498,23.7644540654
499,23.7656552907
500,23.8056308811
501,23.8057626837
502,23.8056919021
503,23.805646389
504,23.8056228676
505,23.8056293376
506,23.8056173424
507,23.8056244169
508,23.8056574535
509,23.8056277635
510,23.8056220418
511,23.8056366616
512,23.8056770647
513,23.8056500766
514,23.8056403513
515,23.8056553815
516,23.8056278422
517,23.8056578942
518,23.8056477806
519,23.8056434384
520,23.8056468007
521,23.8056162586
522,23.8056108036
523,23.8056666844
524,23.8056452707
525,23.805649048
526,23.8056230999
527,23.8056511033
528,23.8056513743
529,23.8056286473
530,23.8056418753
531,23.8056270843
532,23.805658582
533,23.8056459601
534,23.8056457171
535,23.8056461337
536,23.8056498119
537,23.8056621735
538,23.8056412384
539,23.805641947
540,23.8056323847
541,23.8056445274
542,23.8056495239
543,23.8056359722
544,23.8056522415
545,23.8056138915
546,23.8056513233
547,23.80564439
548,23.8056312114
549,23.8056438938
550,23.8056286994
551,23.805642133
552,23.8056160498
553,23.8056294258
554,23.8056486474
555,23.8056378574
556,23.8056411101
557,23.8056469692
558,23.8056406277
559,23.8056103696
560,23.8056512306
561,23.8056392061
562,23.8056474587
563,23.8056424138
564,23.8056536561
565,23.8056492089
566,23.8056166101
567,23.8056416482
568,23.8056408624
569,23.8056492251
570,23.8056528446
571,23.8056658438
572,23.8056308554
573,23.8056383753
574,23.8056608201
575,23.8056504103
576,23.8056303532
577,23.8056705346
578,23.8056591481
579,23.8056582522
580,23.8056506743
581,23.8056538539
582,23.8056275435
583,23.8056644765
584,23.8056504931
585,23.8056572885
586,23.8056423686
587,23.8056470029
588,23.8056387208
589,23.8056427464
590,23.8056585267
591,23.8056547229
592,23.8056468008
593,23.805643425
594,23.8056607718
595,23.8056351398
596,23.8056848275
597,23.8056786402
598,23.8057025421
599,23.8056895028
600,23.8056547781
601,23.8057716562
602,23.8057193024
603,23.8056361962
604,23.8057473571
605,23.8056414458
606,23.8056979639
607,23.8056871312
608,23.8057044871
609,23.8056878549
610,23.8059020006
611,23.8055405787
612,23.8050085848
613,23.8048492611
614,23.8034381846
615,23.803326022
616,23.7996911047
617,23.7999253619
618,23.8011108551
619,23.8032927986
620,23.8028250985
621,23.8030630886
622,23.8049087892
623,23.8042667068
624,23.8048018339
625,23.8048245091
626,23.8044647287
627,23.8047870581
628,23.8030282997
629,23.8040079343
630,23.8052396
631,23.8042145382
632,23.8051991018
633,23.8048196874
634,23.8039403426
635,23.8037868693
636,23.8060804184
637,23.8002989102
638,23.8013269315
639,23.8039395079
640,23.8035815669
641,23.8056879982
642,23.8025180865
643,23.8033757836
644,20.8086615897
645,21.113205066
646,20.6718268115
647,20.6598058955
648,22.2828196809
649,20.6600981092
650,22.2952691683
651,20.6603784084
652,20.7517158742
653,23.7640399383
654,23.7980273269
655,23.8056459037
656,23.8056379916
657,23.805629934
658,23.8057244873
659,23.8057892519
660,23.8057984039
661,23.8058019281
662,23.8057930991
663,23.8058048277
664,23.8058213603
665,23.8057417115
666,23.8057911061
667,23.8054397837
668,23.805776175
669,23.8056465132
670,23.8057959921
671,23.8057825502
672,23.8057842662
673,23.8056386278
674,23.8056448979
675,23.8056491037
676,23.8056538862
677,23.8058079662
678,23.8056406089
679,23.8056579347
680,23.8056371185
681,23.8056409044
682,23.8057434235
683,23.805645188
684,23.8057441907
685,23.8056475057
686,23.8056444053
687,23.8056329739
688,23.8057432575
689,23.8056190066
690,23.8056388047
691,23.8056426578
692,23.8057016008
693,23.8056738688
694,23.805701473
695,23.8057002679
696,23.805621547
697,23.8056296683
698,23.8056900446
699,23.8056362637
700,23.8056604198
701,23.8057066764
702,23.8056423432
703,23.8056907577
704,23.8056408582
705,23.805657865
706,23.8056891047
707,23.8056270081
708,23.8056415435
709,23.805702728
710,23.8056277852
711,23.8056963317
712,23.8056949367
713,23.8057817366
714,23.8056472581
715,23.8056675252
716,23.8057696288
717,23.8056371444
718,23.8057351743
719,23.8056866689
720,23.8056100194
721,23.8056203234
722,23.8057413922
723,23.8056934353
724,23.8056545223
725,23.8057383678
726,23.8056923745
727,23.805641669
728,23.805643492
729,23.8056447036
730,23.8057031675
731,23.8057159765
732,23.8056484681
733,23.8056169557
734,23.8056869636
735,23.8056948381
736,23.8056412605
737,23.8056374586
738,23.8056894383
739,23.8056789655
740,23.805646677
741,23.805641278
742,23.8056758995
743,23.8057027666
744,23.8057561558
745,23.805692623
746,23.8056727788
747,23.8056677395
748,23.8056246932
749,23.8056904231
750,23.8056944251
751,23.8056518351
752,23.8056741607
753,23.805659023
754,23.8057035539
755,23.8056325646
756,23.8056554121
757,23.805689796
758,23.8056384032
759,23.8057082406
760,23.805710273
761,23.8056473621
762,23.8057066076
763,23.8056372113
764,23.8056554483
765,23.8056871368
766,23.8056621823
767,23.8057165575
768,23.8056473848
769,23.8056973031
770,23.8057168957
771,23.8057051642
772,23.8057048825
773,23.8056382435
774,23.8056275003
775,23.8056843286
776,23.8056814745
777,23.805689413
778,23.8056847312
779,23.8056955792
780,23.8056770519
781,23.8056909953
782,23.8056887518
783,23.8056505265
784,23.8056579852
785,23.8057009445
786,23.8056532088
787,23.8056373637
788,23.80562308
789,23.8056435714
790,23.8056673006
791,23.8056694266
792,23.8056957733
793,23.8057162001
794,23.8056512423
795,23.8056914281
796,23.8055985416
797,23.8056476347
798,23.8057750028
799,23.8056568254
800,23.8056339082
801,23.8057116153
802,23.8056480809
803,23.8056895396
804,23.8056612552
805,23.805653194
806,23.805632608
807,23.8056402413
808,23.8056449985
809,23.8056567036
810,23.8056952406
811,23.8055899938
812,23.8057739291
813,23.8056835213
814,23.8057750193
815,23.8057096048
816,23.8057224252
817,23.8056041233
818,23.805627286
819,23.805625473
820,23.8056643497
821,23.8056968276
822,23.8056587797
823,23.8056493978
824,23.8056377154
825,23.8056818546
826,23.805624502
827,23.8056360904
828,23.8056753298
829,23.8057869032
830,23.8056163543
831,23.8057013365
832,23.8056657128
833,23.8056526349
834,23.805649946
835,23.8056803665
836,23.8057082445
837,23.8056342788
838,23.8056350909
839,23.8056866233
840,23.8056778068
841,23.8056446667
842,23.8057072378
843,23.8056947452
844,23.8055917512
845,23.8056566005
846,23.8056491376
847,23.8056927909
848,23.8056392559
849,23.8056450039
850,23.8056906676
851,23.8057049213
852,23.8056429794
853,23.8056309723
854,23.8056913525
855,23.8056372333
856,23.80564524
857,23.8056428966
858,23.8056411372
859,23.8056987867
860,23.8056538648
861,23.8056463578
862,23.8056776939
863,23.8056595233
864,23.8056984856
865,23.8057049971
866,23.8056822219
867,23.8056430857
868,23.8056224815
869,23.8057064451
870,23.8056617464
871,23.8056390027
872,23.8056092099
873,23.8056468644
874,23.8056949939
875,23.8056927623
876,23.8056476152
877,23.8057054968
878,23.8056735258
879,23.8056599347
880,23.8056609081
881,23.8056333696
882,23.8056233112
883,23.8057115744
884,23.8056947898
885,23.8056396091
886,23.8056147231
887,23.8056462735
888,23.8056751977
889,23.8057121174
890,23.8056936375
891,23.8056236425
892,23.8056950962
893,23.8056886613
894,23.8057195347
895,23.805660358
896,23.8056865582
897,23.8056442447
898,23.8056796093
899,23.8056954145
900,23.8057732317
901,23.8056260935
902,23.8056909088
903,23.8056434425
904,23.805649886
905,23.8056697145
906,23.8056890338
907,23.8056518143
908,23.8056958464
909,23.8057609972
910,23.8056421014
911,23.8057140796
912,23.8057099199
913,23.8056947518
914,23.8056876077
915,23.8057014491
916,23.80569735
917,23.8056778268
918,23.8056937967
919,23.8056495667
920,23.8056666995
921,23.805781213
922,23.8056356134
923,23.8057721267
924,23.8057081845
925,23.8056712629
926,23.8056351542
927,23.8056540283
928,23.8056959817
929,23.8056298701
930,23.8056402563
931,23.8056936387
932,23.8057030352
933,23.8055309531
934,23.8057065311
935,23.8056442485
936,23.8056895799
937,23.8056395664
938,23.8056267895
939,23.8056373567
940,23.8056177489
941,23.8056519841
942,23.8056514887
943,23.805685535
944,23.80567817
945,23.805690102
946,23.805558714
947,23.8056300228
948,23.8056610808
949,23.8056562566
950,23.805706717
951,23.8056298266
952,23.8056449109
953,23.8056274154
954,23.8056463265
955,23.8056936452
956,23.8056857681
957,23.8056740789
958,23.8056785593
959,23.8056995966
960,23.8056404266
961,23.8056661999
962,23.8056773139
963,23.805694183
964,23.8056543563
965,23.8056926995
966,23.807024527
967,23.8056865718
968,23.8057607028
969,23.805683545
970,23.8056505274
971,23.8056345973
972,23.8056336652
973,23.8056341036
974,23.8056821509
975,23.8056662606
976,23.8056366371
977,23.805673126
978,23.8056493629
979,23.8056839888
980,23.8056460507
981,23.8056357768
982,23.8055846524
983,23.8056970408
984,23.8056912599
985,23.8057067503
986,23.8056452527
987,23.8056401669
988,23.8055809647
989,23.8056495076
990,23.8057004257
991,23.8056860482
992,23.8056439373
993,23.805680521
994,23.8057631694
995,23.8057779483
996,23.8055657768
997,23.8056384395
998,23.8057105072
999,23.8056380225
1000,23.8056142844
